161,3
161,2
161,1
161,0
160,6
160,5
160,4
160,3
160,2
160,1
160,0
159,3
159,2
159,1
159,0
158,3
158,2
158,1
158,0
157,3
157,2
157,1
157,0
0,422
156,3
156,2
156,1
156,0
155,3
155,2
155,1
155,0
154,3
154,2
154,1
154,0
153,3
153,2
153,1
153,0
145,2
145,0
145,1
145,3
142,2
142,0
144,2
144,0
144,1
144,3
149,6
149,4
149,2
149,0
146,2
146,0
143,2
143,0
147,2
147,0
148,0
150,2
150,0
150,1
150,3
143,1
143,3
152,35
10,174
10,28
10,74
10,294
10,216
10,132
10,136
8,17
149,5
149,3
149,1
148,3
148,2
148,1
147,3
147,1
146,3
146,1
142,3
142,1
20,3
20,2
20,1
19,2
19,3
19,1
12,3
12,2
12,1
11,28
11,27
11,26
11,25
11,24
11,23
11,22
11,21
11,20
11,19
11,18
11,17
11,16
11,15
11,14
11,12
11,11
11,10
11,4
11,3
11,2
11,1
10,310
10,288
